0,324
650,3
650,2
650,1
650,0
649,6
649,5
649,4
649,3
649,2
649,1
649,0
648,3
648,2
648,1
648,0
23,35
647,6
647,5
647,4
0,323
647,3
647,2
0,322
647,1
647,0
14,103
646,11
646,10
646,9
646,8
646,7
646,6
646,5
646,4
646,3
646,2
646,1
646,0
645,3
645,2
645,1
645,0
644,3
644,2
644,1
644,0
643,7
643,6
643,5
643,4
14,102
643,3
643,2
643,1
643,0
14,101
642,5
642,4
642,3
642,2
642,1
642,0
641,4
641,3
641,2
641,1
641,0
640,7
640,6
640,5
640,4
640,3
640,2
640,1
640,0
639,6
639,5
639,4
639,3
639,2
639,1
639,0
638,4
638,3
638,2
638,1
638,0
637,3
637,2
637,1
637,0
636,8
636,7
636,6
636,5
636,4
14,100
636,3
636,2
636,1
636,0
635,4
635,3
635,2
635,1
635,0
634,10
634,9
634,8
634,7
634,6
634,5
634,4
634,3
634,2
634,1
634,0
633,4
633,3
633,2
633,1
633,0
632,4
14,99
632,3
632,2
632,1
632,0
631,3
631,2
631,1
631,0
630,3
630,2
630,1
630,0
629,3
629,2
629,1
629,0
628,3
628,2
628,1
628,0
627,3
627,2
627,1
627,0
626,3
626,2
626,1
626,0
625,3
625,2
625,1
625,0
624,3
624,2
624,1
624,0
623,3
623,2
623,1
623,0
622,3
622,2
622,1
622,0
621,3
621,2
621,1
621,0
620,3
620,2
620,1
620,0
619,3
619,2
619,1
619,0
618,3
618,2
618,1
618,0
617,3
617,2
617,1
617,0
616,3
616,2
616,1
616,0
615,3
615,2
615,1
615,0
614,3
614,2
614,1
614,0
613,4
613,3
613,2
613,1
613,0
612,3
612,2
612,1
612,0
611,3
611,2
611,1
611,0
610,4
610,3
610,2
610,1
610,0
609,6
609,5
0,321
609,4
609,3
609,2
609,1
609,0
608,12
608,11
608,10
608,9
608,8
608,7
608,6
608,5
608,4
608,3
608,2
608,1
608,0
607,6
607,5
607,4
607,3
607,2
607,1
607,0
606,8
606,7
14,98
606,6
606,5
606,4
14,97
606,3
606,2
0,320
606,1
606,0
605,7
14,96
605,6
605,5
605,4
605,3
605,2
605,1
605,0
14,95
14,94
604,8
14,93
604,7
14,92
604,6
604,5
604,4
14,91
604,3
604,2
604,1
604,0
603,4
603,3
603,2
0,575
603,1
603,0
14,90
602,9
602,8
602,7
602,6
602,5
602,4
602,3
602,2
602,1
602,0
601,3
601,2
601,1
601,0
600,5
600,4
600,3
600,2
600,1
600,0
599,4
599,3
599,2
599,1
599,0
598,8
598,7
598,6
598,5
598,4
598,3
598,2
598,1
598,0
597,5
597,4
597,3
597,2
597,1
597,0
596,6
596,5
596,4
596,3
596,2
596,1
596,0
595,5
595,4
14,89
595,3
595,2
595,1
595,0
594,5
594,4
14,88
594,3
594,2
594,1
594,0
593,5
593,4
593,3
593,2
593,1
593,0
592,4
592,3
592,2
592,1
592,0
591,4
591,3
591,2
591,1
591,0
590,3
590,2
590,1
590,0
589,4
589,3
589,2
589,1
589,0
588,6
588,5
588,4
588,3
588,2
588,1
588,0
587,4
587,3
587,2
587,1
587,0
586,3
586,2
586,1
586,0
585,5
585,4
585,3
585,2
585,1
585,0
584,6
584,5
584,4
584,3
584,2
584,1
584,0
583,4
583,3
583,2
583,1
583,0
582,8
14,87
582,7
582,6
582,5
582,4
582,3
582,2
582,1
582,0
581,7
581,6
581,5
581,4
581,3
581,2
581,1
581,0
580,3
580,2
580,1
580,0
579,4
579,3
579,2
579,1
579,0
578,5
578,4
578,3
578,2
578,1
578,0
577,5
577,4
0,574
577,3
577,2
577,1
577,0
576,6
576,5
576,4
576,3
576,2
576,1
576,0
575,3
575,2
575,1
575,0
574,5
574,4
574,3
574,2
574,1
574,0
573,3
573,2
573,1
573,0
14,86
572,5
572,4
572,3
572,2
572,1
572,0
571,3
571,2
571,1
571,0
570,3
570,2
570,1
570,0
569,4
569,3
569,2
569,1
569,0
568,3
568,2
568,1
568,0
567,3
567,2
567,1
567,0
566,4
566,3
566,2
0,573
566,1
566,0
565,4
565,3
565,2
565,1
565,0
564,4
564,3
564,2
564,1
564,0
563,5
563,4
563,3
563,2
563,1
563,0
562,4
562,3
562,2
562,1
562,0
561,3
561,2
561,1
561,0
560,4
560,3
560,2
560,1
560,0
559,5
559,4
559,3
559,2
559,1
559,0
14,85
558,4
558,3
558,2
558,1
558,0
557,3
557,2
557,1
557,0
556,4
556,3
556,2
556,1
556,0
555,4
555,3
555,2
555,1
555,0
554,5
554,4
554,3
554,2
554,1
554,0
14,84
553,4
553,3
553,2
553,1
553,0
552,3
552,2
552,1
552,0
0,572
551,3
551,2
0,571
551,1
551,0
550,3
550,2
550,1
550,0
549,3
549,2
549,1
549,0
548,4
548,3
548,2
548,1
548,0
547,4
547,3
547,2
547,1
547,0
546,4
546,3
546,2
546,1
546,0
545,4
545,3
545,2
0,570
545,1
545,0
14,83
544,4
544,3
544,2
544,1
544,0
543,3
543,2
543,1
543,0
542,3
542,2
542,1
542,0
541,3
541,2
541,1
541,0
540,4
540,3
540,2
540,1
540,0
184,10
539,3
539,2
539,1
539,0
14,82
538,3
538,2
538,1
538,0
537,3
537,2
537,1
537,0
536,3
536,2
536,1
536,0
535,3
535,2
535,1
535,0
534,3
534,2
534,1
534,0
533,3
533,2
533,1
533,0
532,3
532,2
0,569
532,1
532,0
531,3
531,2
531,1
531,0
530,3
530,2
530,1
530,0
529,3
529,2
529,1
529,0
528,3
528,2
528,1
528,0
527,3
527,2
527,1
527,0
526,3
526,2
526,1
526,0
525,4
525,3
525,2
525,1
525,0
14,81
524,4
524,3
524,2
524,1
524,0
523,3
523,2
0,568
523,1
523,0
522,3
522,2
522,1
522,0
521,3
521,2
521,1
521,0
520,4
520,3
520,2
520,1
520,0
519,3
519,2
519,1
519,0
518,3
518,2
518,1
518,0
517,3
517,2
517,1
517,0
516,3
516,2
516,1
516,0
515,3
515,2
515,1
515,0
514,4
514,3
514,2
514,1
514,0
513,3
513,2
513,1
513,0
512,3
512,2
512,1
512,0
511,3
511,2
511,1
511,0
510,4
510,3
510,2
510,1
510,0
509,3
509,2
509,1
509,0
508,3
508,2
508,1
508,0
507,4
507,3
507,2
507,1
507,0
506,3
506,2
0,567
506,1
506,0
505,3
505,2
505,1
505,0
504,4
504,3
504,2
504,1
504,0
13,7
503,3
503,2
503,1
503,0
502,4
502,3
502,2
502,1
502,0
501,3
501,2
501,1
501,0
500,3
500,2
500,1
500,0
499,3
499,2
499,1
499,0
498,4
498,3
498,2
498,1
498,0
497,3
497,2
497,1
497,0
496,4
496,3
496,2
496,1
496,0
495,4
495,3
495,2
495,1
495,0
494,5
494,4
494,3
494,2
494,1
494,0
493,6
493,5
493,4
493,3
493,2
493,1
493,0
492,3
492,2
492,1
492,0
491,4
491,3
491,2
491,1
491,0
0,566
0,565
0,564
0,563
0,562
0,561
0,560
0,559
490,4
490,3
490,2
490,1
490,0
489,4
489,3
489,2
489,1
489,0
488,5
488,4
488,3
488,2
488,1
488,0
487,5
487,4
487,3
487,2
487,1
487,0
486,3
486,2
486,1
486,0
485,3
485,2
485,1
485,0
484,3
484,2
484,1
484,0
483,4
483,3
483,2
483,1
483,0
482,4
482,3
482,2
482,1
482,0
481,5
481,4
481,3
481,2
481,1
481,0
14,80
480,5
480,4
