0,433
0,431
0,429
0,426
0,425
0,424
0,421
0,420
0,418
0,417
0,415
0,414
0,413
0,411
0,410
0,409
0,408
0,407
0,406
0,405
0,400
0,399
0,398
0,397
0,395
0,394
0,393
0,392
0,390
0,388
0,386
0,385
0,380
0,379
0,377
0,376
0,373
0,369
0,367
0,366
0,364
0,363
0,362
0,360
0,357
0,355
0,353
10,14
10,13
10,12
10,11
10,10
10,9
10,8
10,7
10,6
10,5
10,4
10,3
10,2
10,1
10,0
9,4
9,3
9,2
9,1
9,0
8,9
8,8
8,7
8,6
8,5
8,4
8,3
8,2
8,1
8,0
7,4
7,3
7,2
7,1
7,0
6,4
6,2
6,1
6,0
5,3
5,2
5,1
5,0
4,2
4,1
4,0
3,6
3,5
3,4
3,3
3,2
3,1
3,0
2,22
2,19
2,18
2,17
2,16
2,15
4,3
2,14
2,13
2,11
2,10
2,9
2,8
2,7
2,6
2,4
2,3
2,2
2,1
2,0
1,2
1,1
1,0
0,508
0,443
0,442
0,438
0,412
0,382
0,243
0,9
0,446
0,440
97,7
97,6
97,3
19,9
19,6
19,5
19,4
19,3
17,5
17,3
14,4
14,3
6,3
2,12
2,5
1,3
0,324
0,0
0,1
0,300
0,299
0,298
0,297
0,296
0,432
0,295
0,294
0,430
0,293
0,333
0,292
0,428
0,291
0,427
0,290
0,499
0,289
0,480
0,288
0,511
0,287
0,423
0,286
0,422
0,285
0,284
0,459
0,283
0,419
0,282
0,331
0,281
0,280
0,416
0,279
0,278
0,494
0,277
0,276
0,470
0,275
0,274
0,509
0,273
0,272
0,271
0,498
0,270
0,269
0,404
0,268
0,267
10,15
11,0
11,2
11,3
12,0
12,1
12,3
13,0
13,1
13,3
14,0
14,2
15,1
15,2
15,4
15,5
16,0
16,1
16,3
16,5
16,6
16,8
16,9
17,0
17,2
17,4
17,7
18,0
18,2
18,3
19,0
19,2
19,7
20,1
20,2
20,4
21,0
21,1
21,3
21,4
21,6
22,0
22,2
22,4
23,0
23,2
23,3
24,0
24,2
24,3
25,1
25,2
26,0
26,2
26,3
26,5
27,0
27,2
27,3
27,5
27,7
27,8
28,1
28,2
28,4
29,1
29,2
30,0
30,1
30,3
30,4
31,1
31,3
31,4
32,0
32,1
32,3
33,1
33,2
34,0
34,1
34,3
34,4
35,1
35,3
35,4
35,6
36,0
36,2
36,4
36,5
37,1
37,2
37,4
38,0
38,1
38,3
38,4
39,0
39,1
39,3
39,5
40,0
40,2
40,3
40,5
41,0
41,1
41,3
41,4
42,0
42,1
42,3
43,0
43,1
43,3
43,4
44,1
44,3
44,4
45,0
45,1
45,3
45,4
45,6
46,1
46,2
47,0
47,1
47,3
47,5
47,6
48,0
48,1
48,3
48,4
48,6
49,1
49,2
49,4
49,5
49,7
50,0
50,1
50,3
50,4
50,6
51,1
51,2
51,4
51,5
52,0
52,1
52,3
52,5
53,0
53,2
53,3
54,0
54,2
54,3
55,0
55,1
55,3
55,4
56,1
56,3
56,4
57,1
57,2
58,0
58,2
58,3
58,5
58,6
58,8
58,9
59,1
59,3
59,4
60,1
60,2
60,4
61,0
61,1
61,3
61,4
62,1
62,3
62,4
63,1
63,2
63,4
63,5
64,1
64,3
64,4
65,1
65,2
65,4
66,1
66,2
66,4
67,0
67,2
67,3
67,5
67,7
68,0
68,2
68,3
68,5
68,7
69,0
69,2
69,3
70,0
70,1
70,3
70,5
71,0
71,2
71,3
71,5
72,0
72,1
72,3
72,4
72,6
73,0
73,2
73,4
74,0
74,2
74,3
75,0
75,2
75,3
76,0
76,1
76,3
76,5
77,0
77,2
77,3
77,5
78,0
78,2
79,0
79,1
79,3
79,4
80,1
80,3
81,0
81,2
81,3
82,0
82,1
82,3
83,0
83,1
83,3
83,4
83,6
84,1
84,2
84,4
84,5
84,7
85,0
85,2
85,4
86,0
86,2
86,3
86,5
87,1
87,2
87,4
88,0
88,2
88,4
88,5
89,1
89,2
89,4
90,0
90,2
90,4
90,5
91,1
91,2
92,0
92,2
92,3
93,1
93,2
94,0
94,1
94,3
94,5
94,6
95,1
95,2
95,4
96,0
96,1
96,3
96,4
97,1
97,2
97,5
98,1
98,2
98,4
99,0
99,2
100,0
100,1
100,3
100,4
101,1
101,3
101,4
102,1
102,2
102,4
103,0
103,2
103,4
104,0
104,2
104,3
104,5
105,1
105,2
105,4
105,5
105,7
105,8
106,1
106,3
106,4
107,1
107,2
107,4
108,1
108,2
108,4
108,5
109,1
109,2
109,4
109,6
109,7
110,1
110,2
110,4
110,6
111,0
111,2
111,3
111,5
112,0
112,2
113,0
113,1
113,3
113,4
114,0
114,2
114,3
115,0
115,1
115,3
115,5
116,0
116,2
116,3
118,1
118,2
118,4
120,1
120,2
120,4
120,5
120,7
121,0
121,1
121,3
121,4
122,1
122,2
122,4
123,0
123,1
123,3
123,4
124,0
124,2
124,3
125,0
125,1
125,3
125,4
126,1
126,3
127,0
127,2
127,3
127,5
128,1
128,2
128,4
128,5
129,0
129,2
129,3
130,0
130,1
130,3
130,4
131,0
131,2
131,3
131,5
132,0
132,2
132,4
132,3
132,1
131,4
131,1
130,5
130,2
129,4
129,1
128,6
128,3
128,0
127,4
127,1
126,2
126,0
125,2
124,4
124,1
123,5
123,2
122,5
122,3
122,0
121,2
120,8
120,6
120,3
120,0
118,3
118,0
116,1
115,4
115,2
114,4
114,1
113,5
113,2
112,3
112,1
111,4
111,1
110,5
110,3
110,0
109,5
109,3
109,0
108,3
108,0
107,3
107,0
106,2
106,0
105,6
105,3
105,0
104,4
104,1
103,3
103,1
102,3
102,0
101,2
101,0
100,2
99,3
99,1
98,3
98,0
97,4
97,0
96,2
95,5
95,3
95,0
94,4
94,2
93,3
93,0
92,1
91,3
91,0
90,3
90,1
89,3
89,0
88,3
88,1
87,3
87,0
86,4
86,1
85,3
85,1
84,6
84,3
84,0
83,5
83,2
82,4
82,2
81,4
81,1
80,2
80,0
79,2
78,3
78,1
77,4
77,1
76,4
76,2
75,4
75,1
74,4
74,1
73,3
73,1
72,5
72,2
71,6
71,4
71,1
70,4
70,2
69,4
69,1
68,6
68,4
68,1
67,6
67,4
67,1
66,3
66,0
65,3
65,0
64,2
64,0
63,3
63,0
62,2
62,0
61,2
60,5
60,3
60,0
59,2
59,0
58,7
58,4
58,1
57,3
57,0
56,2
56,0
55,2
54,4
54,1
53,4
53,1
52,4
52,2
51,6
51,3
51,0
50,5
50,2
49,8
49,6
49,3
49,0
48,5
48,2
47,7
47,4
47,2
46,3
46,0
45,5
45,2
44,5
44,2
44,0
43,2
42,4
42,2
41,5
41,2
40,6
40,4
40,1
39,4
39,2
38,5
38,2
37,5
37,3
37,0
36,3
36,1
35,5
35,2
35,0
34,2
33,3
33,0
32,2
31,5
31,2
31,0
30,2
29,3
29,0
28,3
28,0
27,6
27,4
27,1
26,4
26,1
25,3
25,0
24,1
23,4
23,1
22,3
22,1
21,5
21,2
20,5
20,3
20,0
19,1
18,4
18,1
17,6
17,1
16,10
16,7
16,4
16,2
15,6
15,3
15,0
14,1
13,2
12,4
12,2
11,4
11,1
0,402
0,351
0,266
0,401
0,265
0,264
0,263
0,492
0,262
0,261
0,396
0,260
0,259
0,469
0,258
0,257
0,256
0,391
0,255
0,450
0,254
0,389
0,253
0,252
0,387
0,251
0,250
0,249
0,384
0,248
0,383
0,247
0,342
0,246
0,507
0,245
0,244
0,327
0,242
0,505
0,241
0,375
0,240
0,239
0,504
0,238
0,372
0,237
0,236
0,370
0,235
0,326
0,234
0,368
0,233
0,232
0,231
0,337
0,230
0,490
0,229
0,228
0,227
0,361
0,226
0,225
0,359
0,224
0,223
0,462
0,222
0,221
0,220
0,354
0,219
0,334
0,218
0,352
0,217
0,475
0,216
0,215
0,214
0,348
0,213
0,495
0,212
0,346
0,344
0,211
0,345
0,210
0,486
0,209
0,340
0,208
0,474
0,207
0,488
0,206
0,343
0,205
0,485
0,204
0,203
0,482
0,202
0,473
0,201
0,335
0,200
0,199
0,472
0,198
0,476
0,197
0,196
0,195
0,329
0,194
0,193
0,192
0,63
0,62
0,323
0,61
0,322
0,60
0,466
0,59
0,58
0,484
0,57
0,56
0,325
0,55
0,54
0,53
0,502
0,52
0,506
0,51
0,50
0,339
0,49
0,48
0,403
0,47
0,338
0,46
0,45
0,6
0,5
0,304
0,303
0,306
0,305
0,302
0,441
0,12
0,381
0,10
0,8
0,439
0,11
0,4
0,2
0,3
0,7
